Sprite,Foreground,Centre,"sb\geb.png",320,240
 P,0,49574,,A
 C,0,49574,,255,0,0
 L,49574,100
  S,0,0,309,0.21,0.2
 S,0,49574,,0.2
 F,28,49574,50254,0,1
 M,0,49574,64652,320,426
 F,28,64252,64652,1,0
Sprite,Foreground,Centre,"sb\geb.png",320,240
 P,0,49574,,A
 C,0,49574,,0,255,255
 L,49574,100
  S,0,0,309,0.215,0.2
 S,0,49574,,0.2
 F,28,49574,50254,0,1
 M,0,49574,64652,320,426
 F,28,64252,64652,1,0
Sprite,Foreground,Centre,"sb\wronk.png",320,240
 P,0,64863,,A
 C,0,64863,,255,0,0
 L,64863,100
  S,0,0,309,0.21,0.2
 F,28,64863,65543,0,1
 S,0,64963,,0.2
 M,0,64963,79188,320,426
 F,28,78788,79188,1,0
Sprite,Foreground,Centre,"sb\wronk.png",320,240
 P,0,64863,,A
 C,0,64863,,0,255,255
 L,64863,100
  S,0,0,309,0.215,0.2
 F,28,64863,65543,0,1
 S,0,64963,,0.2
 M,0,64963,79188,320,426
 F,28,78788,79188,1,0
Sprite,Foreground,Centre,"sb\geb.png",320,240
 P,0,79188,,A
 C,0,79188,,255,0,0
 L,79188,100
  S,0,0,309,0.21,0.2
 S,0,79188,,0.2
 F,28,79188,79868,0,1
 M,0,79188,91482,320,426
 F,28,91082,91482,1,0
Sprite,Foreground,Centre,"sb\geb.png",320,240
 P,0,79188,,A
 C,0,79188,,0,255,255
 L,79188,100
  S,0,0,309,0.215,0.2
 S,0,79188,,0.2
 F,28,79188,79868,0,1
 M,0,79188,91482,320,426
 F,28,91082,91482,1,0
Sprite,Foreground,Centre,"sb\wronk.png",320,240
 P,0,91559,,A
 C,0,91559,,255,0,0
 L,91559,100
  S,0,0,309,0.21,0.2
 F,28,91559,92189,0,1
 S,0,91659,,0.2
 M,0,91659,110116,320,426
 F,28,109486,110116,1,0
Sprite,Foreground,Centre,"sb\wronk.png",320,240
 P,0,91559,,A
 C,0,91559,,0,255,255
 L,91559,100
  S,0,0,309,0.215,0.2
 F,28,91559,92189,0,1
 S,0,91659,,0.2
 M,0,91659,110116,320,426
 F,28,109486,110116,1,0
Sprite,Foreground,Centre,"sb\geb.png",320,240
 P,0,110116,,A
 C,0,110116,,255,0,0
 L,110116,100
  S,0,0,309,0.21,0.2
 S,0,110116,,0.2
 F,28,110116,110746,0,1
 M,0,110116,130992,320,426
 F,28,130590,130990,1,0
Sprite,Foreground,Centre,"sb\geb.png",320,240
 P,0,110116,,A
 C,0,110116,,0,255,255
 L,110116,100
  S,0,0,309,0.215,0.2
 S,0,110116,,0.2
 F,28,110116,110746,0,1
 M,0,110116,130992,320,426
 F,28,130590,130990,1,0
Sprite,Foreground,Centre,"sb\wronk.png",320,240
 P,0,131147,,A
 C,0,131147,,255,0,0
 L,131147,100
  S,0,0,309,0.21,0.2
 F,28,131147,131827,0,1
 S,0,131247,,0.2
 M,0,131247,153415,320,426
 F,28,152990,153415,1,0
Sprite,Foreground,Centre,"sb\wronk.png",320,240
 P,0,131147,,A
 C,0,131147,,0,255,255
 L,131147,100
  S,0,0,309,0.215,0.2
 F,28,131147,131827,0,1
 S,0,131247,,0.2
 M,0,131247,153415,320,426
 F,28,152990,153415,1,0
Sprite,Foreground,Centre,"sb\geb.png",320,240
 P,0,153415,,A
 C,0,153415,,255,0,0
 L,153415,100
  S,0,0,309,0.21,0.2
 S,0,153415,,0.2
 F,28,153415,154045,0,1
 M,0,153415,183105,320,426
 F,28,182705,183105,1,0
Sprite,Foreground,Centre,"sb\geb.png",320,240
 P,0,153415,,A
 C,0,153415,,0,255,255
 L,153415,100
  S,0,0,309,0.215,0.2
 S,0,153415,,0.2
 F,28,153415,154045,0,1
 M,0,153415,183105,320,426
 F,28,182705,183105,1,0
Sprite,Foreground,Centre,"sb\wronk.png",320,240
 P,0,183105,,A
 C,0,183105,,255,0,0
 L,183105,200
  S,0,0,309,0.21,0.2
 F,28,183105,183735,0,1
 S,0,183205,,0.2
 M,0,183205,212796,320,426
 F,28,212396,212796,1,0
Sprite,Foreground,Centre,"sb\wronk.png",320,240
 P,0,183105,,A
 C,0,183105,,0,255,255
 L,183105,200
  S,0,0,309,0.215,0.2
 F,28,183105,183735,0,1
 S,0,183205,,0.2
 M,0,183205,212796,320,426
 F,28,212396,212796,1,0
Sprite,Foreground,Centre,"sb\geb.png",320,240
 P,0,212796,,A
 C,0,212796,,255,0,0
 L,212796,100
  S,0,0,309,0.21,0.2
 S,0,212796,,0.2
 F,28,212796,213476,0,1
 M,0,212796,231353,320,426
 F,28,230953,231353,1,0
Sprite,Foreground,Centre,"sb\geb.png",320,240
 P,0,212796,,A
 C,0,212796,,0,255,255
 L,212796,100
  S,0,0,309,0.215,0.2
 S,0,212796,,0.2
 F,28,212796,213476,0,1
 M,0,212796,231353,320,426
 F,28,230953,231353,1,0
Sprite,Foreground,Centre,"sb\wronk.png",320,240
 P,0,231353,,A
 C,0,231353,,255,0,0
 L,231353,100
  S,0,0,309,0.21,0.2
 S,0,231353,,0.2
 F,28,231353,232033,0,1
 M,0,231353,242564,320,426
 F,28,242164,242564,1,0
Sprite,Foreground,Centre,"sb\wronk.png",320,240
 P,0,231353,,A
 C,0,231353,,0,255,255
 L,231353,100
  S,0,0,309,0.215,0.2
 S,0,231353,,0.2
 F,28,231353,232033,0,1
 M,0,231353,242564,320,426
 F,28,242164,242564,1,0
Sprite,Foreground,Centre,"sb\geb.png",320,240
 P,0,242564,,A
 C,0,242564,,255,0,0
 L,242564,100
  S,0,0,309,0.21,0.2
 F,28,242564,243244,0,1
 S,0,242664,,0.2
 M,0,242664,263518,320,426
 F,28,263018,263518,1,0
Sprite,Foreground,Centre,"sb\geb.png",320,240
 P,0,242564,,A
 C,0,242564,,0,255,255
 L,242564,100
  S,0,0,309,0.215,0.2
 F,28,242564,243244,0,1
 S,0,242664,,0.2
 M,0,242664,263518,320,426
 F,28,263018,263518,1,0
Sprite,Foreground,Centre,"sb\wronk.png",320,240
 P,0,263518,,A
 C,0,263518,,255,0,0
 L,263518,100
  S,0,0,309,0.21,0.2
 S,0,263518,,0.2
 F,28,263518,264198,0,1
 M,0,263518,284549,320,426
 F,28,284149,284549,1,0
Sprite,Foreground,Centre,"sb\wronk.png",320,240
 P,0,263518,,A
 C,0,263518,,0,255,255
 L,263518,100
  S,0,0,309,0.215,0.2
 S,0,263518,,0.2
 F,28,263518,264198,0,1
 M,0,263518,284549,320,426
 F,28,284149,284549,1,0
Sprite,Foreground,Centre,"sb\geb.png",320,240
 P,0,284549,,A
 C,0,284549,,255,0,0
 L,284549,100
  S,0,0,309,0.21,0.2
 F,28,284549,285229,0,1
 S,0,284649,,0.2
 M,0,284649,294445,320,426
 F,28,294045,294445,1,0
Sprite,Foreground,Centre,"sb\geb.png",320,240
 P,0,284549,,A
 C,0,284549,,0,255,255
 L,284549,100
  S,0,0,309,0.215,0.2
 F,28,284549,285229,0,1
 S,0,284649,,0.2
 M,0,284649,294445,320,426
 F,28,294045,294445,1,0
Sprite,Foreground,Centre,"sb\wronk.png",320,240
 P,0,294445,,A
 C,0,294445,,255,0,0
 L,294445,100
  S,0,0,309,0.21,0.2
 S,0,294445,,0.2
 F,28,294445,295075,0,1
 M,0,294445,314239,320,426
 F,28,313839,314239,1,0Sprite,Foreground,Centre,"sb\wronk.png",320,240
 P,0,294445,,A
 C,0,294445,,0,255,255
 L,294445,100
  S,0,0,309,0.215,0.2
 S,0,294445,,0.2
 F,28,294445,295075,0,1
 M,0,294445,314239,320,426
 F,28,313839,314239,1,0